assets/sprites/mundo/atlas/FinalAtlas.png
30 30
60 60
4 4
120 120
4 2 2 2 2 2 2 2 2 2 2 2 2 2 2 2 2 2 2 2 2 2 2 2 2 2 2 2 2 5
8 1 14 1 1 1 6 1 1 1 1 1 9 1 1 6 1 1 1 1 1 6 1 1 1 1 1 1 1 6
8 1 1 1 1 1 6 1 1 1 1 14 10 1 1 6 1 1 1 1 1 6 1 1 1 1 1 1 1 6
8 1 1 1 1 1 6 1 1 1 1 1 13 2 2 2 1 1 1 14 1 6 2 2 1 1 6 2 2 5
4 2 2 2 14 1 6 1 1 1 1 1 1 1 1 1 1 1 1 1 1 6 1 1 1 1 6 1 1 6
8 1 1 1 1 1 6 1 1 1 1 1 1 14 1 1 1 1 1 1 1 6 1 1 1 1 6 1 1 6
4 2 2 2 1 1 6 1 1 4 2 2 5 1 1 2 2 2 1 1 1 6 1 14 2 2 2 1 1 6
8 1 1 1 1 1 1 1 1 8 1 1 6 14 1 1 1 1 1 1 1 6 1 1 1 1 1 1 1 6
8 1 1 1 1 1 1 1 1 8 1 1 6 1 1 1 1 1 1 1 1 6 1 1 14 1 1 1 1 3
8 1 1 1 1 1 1 2 2 8 14 1 6 1 1 6 2 2 1 1 1 6 2 2 1 1 1 1 1 6
8 1 14 1 1 1 1 1 1 1 1 1 6 1 1 6 1 1 1 1 1 1 1 1 1 1 1 1 1 6
8 1 1 1 1 1 14 1 1 1 1 1 6 1 1 6 1 1 1 1 1 1 1 1 1 1 1 1 1 6
8 1 1 1 2 2 2 2 2 2 2 2 2 1 1 1 1 1 1 6 14 1 1 1 1 2 2 2 2 5
8 1 1 1 1 1 1 1 1 1 1 1 1 1 1 1 1 1 1 6 1 1 1 1 1 8 1 14 1 6
8 1 1 1 1 1 1 1 1 1 1 1 1 1 1 1 14 1 1 6 1 1 1 1 1 8 1 1 1 6
8 1 1 1 1 1 14 1 1 1 1 1 2 2 2 2 1 1 1 6 1 1 1 1 1 1 1 1 1 6
4 2 2 2 8 14 1 2 2 5 1 1 1 1 1 1 1 1 1 6 1 1 1 1 1 1 1 1 1 6
8 1 1 1 8 1 1 1 1 6 1 14 1 1 1 1 1 1 1 6 1 1 1 6 2 2 1 1 1 6
8 1 1 1 8 1 1 1 1 6 2 2 2 2 2 2 2 1 1 14 1 1 1 6 1 1 1 1 1 6
8 1 1 1 2 2 2 1 1 1 1 1 1 1 1 1 6 1 1 1 1 1 1 6 1 1 1 14 1 6
8 1 1 1 1 1 1 1 1 1 1 1 14 1 1 1 6 1 1 2 2 2 2 2 2 2 2 2 2 5
8 1 1 1 1 1 1 1 1 14 1 1 1 1 1 1 1 1 1 1 1 1 1 1 1 1 1 1 1 6
7 1 1 1 1 1 2 2 2 2 5 1 1 1 1 1 1 1 1 1 1 1 14 1 1 1 1 1 1 6
8 1 1 1 1 1 1 1 1 1 6 1 1 6 2 2 2 2 2 1 1 6 2 2 1 14 1 1 1 6
8 1 1 1 1 1 1 14 1 1 6 1 1 6 1 1 6 1 1 1 1 6 1 1 1 1 8 1 1 6
8 1 1 6 2 2 5 1 1 1 6 1 1 6 1 1 6 14 1 1 1 6 1 1 1 1 8 1 1 6
8 14 1 6 1 1 6 1 1 1 6 2 2 2 1 1 6 1 1 1 1 6 2 2 1 1 4 2 2 5
8 1 1 6 1 1 1 1 1 1 1 14 1 1 1 1 6 1 1 1 1 6 1 1 1 1 1 1 1 6
8 1 1 6 1 1 1 1 1 1 1 1 1 1 1 1 6 1 1 1 1 6 1 1 14 1 1 1 1 6
2 2 2 2 2 2 2 2 2 2 2 2 2 2 2 2 2 2 2 2 2 2 2 2 2 2 2 2 2 2 