assets/sprites/mundo/atlas/ejemplo_atlas.png
20 20                  
72 72                 
18 6                  
2048 768              
1 1 1 1 1 1 1 1 1 1 1 1 1 1 1 1 1 1 1 1
1 0 0 1 0 0 0 0 0 1 0 0 0 1 0 0 0 0 0 1
1 1 0 1 0 0 0 1 1 1 0 1 0 1 1 1 0 1 1 1
1 0 0 1 0 0 0 0 0 0 0 1 0 1 0 0 0 1 0 1
1 1 0 0 0 0 0 0 0 0 0 0 0 1 0 0 0 1 0 1
1 0 0 0 0 0 1 1 1 0 0 1 0 1 0 0 1 1 0 1
1 0 0 0 1 1 1 0 1 0 0 1 0 1 0 0 0 0 0 1
1 0 0 0 0 0 0 0 1 0 0 0 0 1 0 0 0 0 0 1
1 0 0 0 1 1 1 1 1 0 1 1 0 1 1 1 0 0 0 1
1 1 1 0 0 0 0 0 0 0 1 0 0 0 0 0 0 0 0 1
1 0 1 1 0 0 0 0 0 0 1 0 1 0 0 0 0 0 0 1
1 0 0 0 0 0 1 1 1 1 1 0 1 0 0 1 1 1 1 1
1 0 0 0 0 0 0 0 0 0 0 0 1 1 0 1 0 0 0 1
1 0 0 0 0 1 1 0 0 0 0 0 0 0 0 0 0 0 0 1
1 0 0 0 0 0 1 0 1 1 1 1 1 1 1 0 0 1 1 1
1 0 1 1 1 0 1 0 1 0 0 0 0 0 1 0 0 0 0 1
1 0 1 0 1 0 1 0 1 0 1 0 0 0 0 0 0 1 0 1
1 0 1 0 1 0 1 1 1 0 1 0 0 1 1 1 0 1 1 1
1 0 1 0 0 0 0 0 0 0 1 0 0 1 0 0 0 0 0 1
1 1 1 1 1 1 1 1 1 1 1 1 1 1 1 1 1 1 1 1