assets/sprites/mundo/atlas/atlas.png
20 20
115 115
3 3
50 50
6 7 7 7 7 7 7 7 7 7 7 7 7 7 7 7 7 7 7 8
6 1 1 6 1 1 1 1 1 7 1 1 1 6 1 1 1 1 1 8
6 8 1 6 1 1 1 6 7 8 1 7 1 6 7 8 1 6 7 8
6 1 1 6 1 1 1 1 1 1 1 7 1 6 1 1 1 6 1 8
6 8 1 1 1 1 1 1 1 1 1 1 1 6 1 1 1 6 1 8
6 1 1 1 1 1 6 7 8 1 1 8 1 6 1 1 6 8 1 8
6 1 1 1 6 7 8 1 8 1 6 8 1 6 1 1 1 1 1 8
6 1 1 1 1 1 1 1 8 1 1 1 1 6 1 1 1 1 1 8
6 1 1 1 6 7 7 7 8 1 6 8 1 6 7 8 1 1 1 8
6 8 8 1 1 1 1 1 1 1 6 1 1 1 1 1 1 1 1 8
6 1 6 8 1 1 1 1 1 1 7 1 6 1 1 1 1 1 1 8
6 1 1 1 1 1 6 7 7 7 8 1 6 1 1 6 7 7 7 8
6 1 1 1 1 1 1 1 1 1 1 1 6 8 1 6 1 1 1 8
6 1 1 1 1 6 8 1 1 1 1 1 1 1 1 1 1 1 1 8
6 1 1 1 1 1 6 1 6 7 7 7 7 7 8 1 1 6 7 8
6 1 6 7 8 1 6 1 6 1 1 1 1 1 8 1 1 1 1 8
6 1 7 1 8 1 6 1 8 1 7 1 1 1 1 1 1 6 1 8
6 1 7 1 8 1 6 7 8 1 7 1 1 6 7 8 1 6 7 8
6 1 7 1 1 1 1 1 1 1 7 1 1 6 1 1 1 1 1 8
6 7 7 7 7 7 7 7 7 7 7 7 7 7 7 7 7 7 7 8


/////////////
assets/sprites/mundo/atlas/FinalAtlas.png
30 30
60 60
4 4
120 120
4 2 2 2 2 2 2 2 2 2 2 2 2 2 2 2 2 2 2 2 2 2 2 2 2 2 2 2 2 5
8 1 1 1 1 1 6 1 1 1 10 1 1 9 1 6 1 1 1 1 1 6 1 1 1 1 1 9 1 6
8 1 1 1 1 1 6 1 1 1 1 1 1 1 1 6 1 1 1 1 1 6 9 1 10 1 1 1 1 6
8 1 1 1 1 1 6 1 1 9 1 1 1 2 2 2 1 9 10 1 1 6 2 2 1 1 6 2 2 5
4 2 2 2 1 1 6 1 1 1 1 1 1 1 1 1 1 1 1 1 10 6 1 1 1 1 6 1 1 6
8 1 1 1 1 1 6 1 10 1 1 9 1 1 1 1 1 1 1 9 1 6 1 1 1 1 6 1 1 6
4 2 2 2 1 1 6 1 1 4 2 2 5 1 10 2 2 2 1 1 1 6 1 1 2 2 2 1 1 6
8 1 1 1 1 1 1 1 1 8 1 1 6 1 1 1 1 9 1 1 1 6 1 1 10 1 1 1 1 6
8 1 1 1 9 1 1 10 1 8 1 1 6 1 1 1 1 1 1 1 1 6 1 1 1 1 1 1 1 3
8 1 1 1 1 1 1 2 2 8 1 1 6 1 1 6 2 2 10 1 1 6 2 2 1 1 1 1 1 6
8 9 1 1 1 10 1 1 1 1 1 1 6 1 1 6 1 1 1 9 1 1 1 1 1 9 1 1 1 6
8 1 1 1 1 1 1 1 1 1 1 1 6 10 1 6 1 1 1 1 1 1 1 1 1 1 1 1 1 6
7 1 1 1 2 2 2 2 2 2 2 2 2 1 1 1 1 1 1 6 1 1 1 10 1 2 2 2 2 5
8 1 1 1 1 1 1 1 1 1 1 1 1 1 1 10 1 1 1 6 1 1 1 1 1 8 1 1 1 6
8 1 1 1 1 9 1 1 1 1 1 10 1 1 1 1 1 1 1 6 1 9 1 1 1 8 9 1 1 6
8 1 1 1 1 1 1 10 1 1 1 1 2 2 2 2 1 1 1 6 1 1 1 1 1 1 1 1 1 6
4 2 2 2 8 1 1 2 2 5 1 1 1 1 1 9 1 1 1 6 1 10 1 1 9 1 1 1 1 6
8 1 1 1 8 1 1 1 1 6 1 1 1 1 1 1 1 1 1 6 1 1 1 6 2 2 1 10 1 6
8 1 1 1 8 1 9 1 1 6 2 2 2 2 2 2 2 10 1 9 1 1 1 6 1 1 1 1 9 6
8 1 1 1 2 2 2 1 1 10 1 1 9 1 1 1 6 1 1 1 1 1 1 6 1 1 1 1 1 6
8 1 1 1 1 1 1 1 1 1 1 1 1 10 1 1 6 1 1 2 2 2 2 2 2 2 2 2 2 5
8 1 1 1 1 1 9 1 1 1 1 1 1 1 1 1 1 9 1 1 1 1 10 1 1 1 9 1 1 6
7 9 1 1 1 10 2 2 2 2 5 1 1 1 1 1 1 1 1 1 1 1 1 1 9 1 1 1 1 6
8 1 1 1 1 1 1 1 10 1 6 1 1 6 2 2 2 2 2 1 1 6 2 2 1 1 1 1 1 6
8 1 1 1 1 1 1 1 9 1 6 1 1 6 1 1 6 1 1 1 9 6 1 1 10 1 8 1 9 6
8 1 1 6 2 2 5 1 1 1 6 1 1 6 10 1 6 1 1 1 1 6 1 1 1 1 8 1 1 6
8 1 1 6 1 1 6 1 1 1 6 2 2 2 1 1 6 9 1 1 10 6 2 2 1 1 4 2 2 5
8 9 1 6 1 9 1 1 10 1 1 1 1 9 1 1 6 1 1 1 1 6 9 1 1 1 1 1 1 6
8 1 1 6 1 1 1 1 1 9 1 1 1 1 1 1 6 10 1 1 1 6 1 1 1 1 9 1 1 6
2 2 2 2 2 2 2 2 2 2 2 2 2 2 2 2 2 2 2 2 2 2 2 2 2 2 2 2 2 2 

//////////////
4 2 2 2 2 2 2 2 2 2 2 2 2 2 2 2 2 2 2 2 2 2 2 2 2 2 2 2 2 5
8 1 1 1 1 1 6 1 1 1 1 1 1 1 1 6 1 1 1 1 1 6 1 1 1 1 1 1 1 6
8 1 1 1 1 1 6 1 1 1 1 1 1 1 1 6 1 1 1 1 1 6 1 1 1 1 1 1 1 6
8 1 1 1 1 1 6 1 1 1 1 1 1 2 2 2 1 1 1 1 1 6 2 2 1 1 6 2 2 5
4 2 2 2 1 1 6 1 1 1 1 1 1 1 1 1 1 1 1 1 1 6 1 1 1 1 6 1 1 6
8 1 1 1 1 1 6 1 1 1 1 1 1 1 1 1 1 1 1 1 1 6 1 1 1 1 6 1 1 6
4 2 2 2 1 1 6 1 1 4 2 2 5 1 1 2 2 2 1 1 1 6 1 1 2 2 2 1 1 6
8 1 1 1 1 1 1 1 1 8 1 1 6 1 1 1 1 1 1 1 1 6 1 1 1 1 1 1 1 6
8 1 1 1 1 1 1 1 1 8 1 1 6 1 1 1 1 1 1 1 1 6 1 1 1 1 1 1 1 3
8 1 1 1 1 1 1 2 2 8 1 1 6 1 1 6 2 2 1 1 1 6 2 2 1 1 1 1 1 6
8 1 1 1 1 1 1 1 1 1 1 1 6 1 1 6 1 1 1 1 1 1 1 1 1 1 1 1 1 6
8 1 1 1 1 1 1 1 1 1 1 1 6 1 1 6 1 1 1 1 1 1 1 1 1 1 1 1 1 6
8 1 1 1 2 2 2 2 2 2 2 2 2 1 1 1 1 1 1 6 1 1 1 1 1 2 2 2 2 5
8 1 1 1 1 1 1 1 1 1 1 1 1 1 1 1 1 1 1 6 1 1 1 1 1 8 1 1 1 6
8 1 1 1 1 1 1 1 1 1 1 1 1 1 1 1 1 1 1 6 1 1 1 1 1 8 1 1 1 6
8 1 1 1 1 1 1 1 1 1 1 1 2 2 2 2 1 1 1 6 1 1 1 1 1 1 1 1 1 6
4 2 2 2 8 1 1 2 2 5 1 1 1 1 1 1 1 1 1 6 1 1 1 1 1 1 1 1 1 6
8 1 1 1 8 1 1 1 1 6 1 1 1 1 1 1 1 1 1 6 1 1 1 6 2 2 1 1 1 6
8 1 1 1 8 1 1 1 1 6 2 2 2 2 2 2 2 1 1 1 1 1 1 6 1 1 1 1 1 6
8 1 1 1 2 2 2 1 1 1 1 1 1 1 1 1 6 1 1 1 1 1 1 6 1 1 1 1 1 6
8 1 1 1 1 1 1 1 1 1 1 1 1 1 1 1 6 1 1 2 2 2 2 2 2 2 2 2 2 5
8 1 1 1 1 1 1 1 1 1 1 1 1 1 1 1 1 1 1 1 1 1 1 1 1 1 1 1 1 6
7 1 1 1 1 1 2 2 2 2 5 1 1 1 1 1 1 1 1 1 1 1 1 1 1 1 1 1 1 6
8 1 1 1 1 1 1 1 1 1 6 1 1 6 2 2 2 2 2 1 1 6 2 2 1 1 1 1 1 6
8 1 1 1 1 1 1 1 1 1 6 1 1 6 1 1 6 1 1 1 1 6 1 1 1 1 8 1 1 6
8 1 1 6 2 2 5 1 1 1 6 1 1 6 1 1 6 1 1 1 1 6 1 1 1 1 8 1 1 6
8 1 1 6 1 1 6 1 1 1 6 2 2 2 1 1 6 1 1 1 1 6 2 2 1 1 4 2 2 5
8 1 1 6 1 1 1 1 1 1 1 1 1 1 1 1 6 1 1 1 1 6 1 1 1 1 1 1 1 6
8 1 1 6 1 1 1 1 1 1 1 1 1 1 1 1 6 1 1 1 1 6 1 1 1 1 1 1 1 6
2 2 2 2 2 2 2 2 2 2 2 2 2 2 2 2 2 2 2 2 2 2 2 2 2 2 2 2 2 2 
/////////////////////////////////////
4 2 2 2 2 2 2 2 2 2 2 2 2 2 2 2 2 2 2 2 2 2 2 2 2 2 2 2 2 5
8 1 1 1 1 1 6 1 1 1 10 1 1 9 1 6 14 1 1 1 1 6 1 1 1 1 1 9 1 6
8 1 1 1 1 1 6 1 1 1 1 1 1 1 1 6 1 14 1 1 1 6 9 1 10 1 1 1 1 6
8 1 1 14 1 1 6 1 1 9 1 1 1 2 2 2 1 9 10 1 1 6 2 2 1 1 6 2 2 5
4 2 2 2 1 1 6 1 1 1 1 13 1 1 1 1 1 14 1 1 10 6 1 1 1 1 6 1 1 6
8 1 1 1 14 1 6 1 10 1 1 9 1 1 1 1 1 1 1 9 1 6 1 1 1 1 6 1 1 6
4 2 2 2 1 1 6 1 1 4 2 2 5 1 10 2 2 2 14 1 1 6 1 1 2 2 2 1 1 6
8 1 1 1 1 1 14 1 1 8 1 1 6 1 1 1 1 9 1 1 1 6 1 1 10 1 1 1 1 6
8 1 1 1 9 1 1 10 1 8 1 1 6 14 1 1 1 1 1 1 1 6 1 1 1 1 1 1 1 6
8 1 1 1 1 1 1 2 2 8 1 1 6 1 1 6 2 2 10 1 14 6 2 2 1 1 1 1 1 6
8 9 1 1 1 10 1 1 1 1 1 14 6 1 1 6 1 1 1 9 1 1 1 1 1 9 1 1 1 6
8 1 1 1 14 1 1 1 1 1 1 1 6 10 1 6 1 1 1 1 1 1 1 1 1 1 1 1 1 6
8 1 1 14 2 2 2 2 2 2 2 2 2 1 1 1 1 1 1 6 1 1 1 10 1 2 2 2 2 5
8 1 1 1 1 14 1 1 1 1 1 1 1 1 1 10 1 1 1 6 1 1 1 1 1 8 1 1 1 6
8 1 1 1 1 9 1 1 1 1 1 10 1 1 1 1 14 1 1 6 1 9 1 1 1 8 9 1 1 6
8 1 1 1 1 1 1 10 14 1 1 1 2 2 2 2 1 1 1 6 1 1 1 1 1 1 1 1 1 6
4 2 2 2 8 14 1 2 2 5 1 1 1 1 1 9 1 1 1 6 1 10 1 1 9 1 1 1 1 6
8 1 1 1 8 1 1 1 1 6 1 1 1 1 1 1 1 1 1 6 1 1 1 6 2 2 1 10 1 6
8 1 1 1 8 1 9 1 14 6 2 2 2 2 2 2 2 10 1 9 1 1 1 6 1 1 1 1 9 6
8 14 1 1 2 2 2 1 1 10 1 1 9 1 1 1 6 1 1 1 1 1 1 6 1 1 1 1 1 6
8 1 1 1 1 1 1 1 1 1 1 1 1 10 1 1 6 14 1 2 2 2 2 2 2 2 2 2 2 5
8 1 1 14 1 1 9 1 1 1 1 1 1 1 1 1 1 9 1 1 1 1 10 1 1 1 9 1 1 6
8 9 1 1 1 10 2 2 2 2 5 14 1 1 1 1 1 1 1 1 1 1 1 1 9 1 1 1 1 6
8 1 1 1 1 1 1 1 10 1 6 1 1 6 2 2 2 2 2 1 1 6 2 2 1 1 1 1 1 6
8 1 1 1 1 1 1 1 9 1 6 1 1 6 1 1 6 14 1 1 9 6 1 1 10 1 8 1 9 6
8 1 1 6 2 2 5 1 1 1 6 14 1 6 10 1 6 1 1 1 1 6 1 1 1 1 8 1 1 6
8 14 1 6 1 1 6 1 1 1 6 2 2 2 1 1 6 9 1 1 10 6 2 2 1 1 4 2 2 5
8 9 1 6 1 9 14 1 10 1 1 1 1 9 1 1 6 1 1 1 1 6 9 1 1 1 1 1 1 6
8 1 1 6 1 1 1 1 1 9 1 1 1 1 1 1 6 10 1 1 1 6 1 1 1 1 9 14 1 6
2 2 2 2 2 2 2 2 2 2 2 2 2 2 2 2 2 2 2 2 2 2 2 2 2 2 2 2 2 2 